"y" "xcut" "xcenter" "d"
-0.950178553593064 3.40339204138894 0.340699067060713 0.226489369626812
-0.176444409949583 3.14159265358979 0.153500478832288 0.351978009213931
-2.78207632592962 3.14159265358979 0.452956528213795 0.092542889712101
1.04958300621542 3.14159265358979 1.11904662950981 0.405402383834772
2.79240181238526 3.14159265358979 0.955226469010278 0.221517379144481
2.99044182181717 3.40339204138894 1.44428571120594 0.0875427496520379
1.23655389016902 3.40339204138894 2.63770627171315 0.243216004168097
0.450606525792585 3.40339204138894 2.01270099730546 0.469013780825606
-2.77436516057444 3.40339204138894 0.512627175657709 0.423223445670399
-0.991253248090018 3.40339204138894 0.565776340351745 0.497401459797418
-1.94749605261694 3.14159265358979 1.32952169367799 0.24462672328816
2.2345638071249 3.14159265358979 0.104799207925471 0.110083589956089
1.06053967577161 3.14159265358979 0.794365843268632 0.705798827863609
1.24800129467336 3.40339204138894 2.69885062145808 0.0918369998949469
-2.53448197957015 3.40339204138894 0.233755581529999 1.1149719007103
-1.65938649745881 3.14159265358979 1.92031492562478 0.369656766900598
0.459632573916271 3.14159265358979 0.325737055511132 0.172149075799416
-1.80310198160995 3.14159265358979 2.68853123893533 0.217636121228883
0.34722002810706 3.14159265358979 0.67251412948139 0.192539506803109
2.02917402484339 3.14159265358979 0.762330927654607 0.0916482423767006
3.10796540265062 3.14159265358979 1.95678055298284 0.337361738178041
1.86833734905041 3.14159265358979 1.2467061007732 0.134631635227037
1.4880215753278 3.14159265358979 1.08825392470551 0.139629327814149
-2.99730966119263 3.14159265358979 3.14015684073025 0.398415673196323
-2.35048465503337 3.14159265358979 2.48758393043363 0.224240618586216
-1.40077430119545 3.14159265358979 1.65253491295775 0.585855674472504
-1.97463003282437 2.87979326579064 2.75206562873354 0.68267818487423
0.451984144975 3.66519142918809 0.468875044286758 0.256958527098078
-1.33793347101761 3.66519142918809 0.193080654425396 0.613487518291299
1.09559548954448 3.66519142918809 0.115704010034505 0.214461015892526
-0.929451063218949 2.87979326579064 2.01962878082428 0.269955758593003
-2.35140294996195 3.92699081698724 1.20023204011698 0.394209781473147
1.56673004165365 3.92699081698724 0.0631379394975864 0.662839715015833
2.40376557688171 2.87979326579064 1.27301519704941 0.606159346569417
2.19337080507908 2.87979326579064 1.41845636139317 0.514802615980852
0.722606534069434 2.87979326579064 0.258284304815506 0.192447087136833
-0.748118091621613 3.14159265358979 0.36292561464382 0.139197833892085
-0.625477256629905 2.87979326579064 0.533440674077324 0.266437612749334
0.22031384258383 2.87979326579064 0.482286651572788 0.0740365506476967
2.68467773449187 2.87979326579064 1.95523942407457 0.0601929509288575
-0.955681224014412 2.87979326579064 0.465139332212068 0.693590611716217
-1.28392086712143 2.87979326579064 2.12837930580739 0.245695186787863
1.42951985032805 3.40339204138894 0.177985378687183 0.347901890578833
1.39034397624983 3.66519142918809 0.183652979127093 3.11937331763766
2.40031429252846 3.66519142918809 2.01214454075429 10.038127985559
-2.51522054948047 4.97418836818384 1.52313394443642 6.47553145368457
-2.1621049406827 5.75958653158129 1.68308541122288 6.47661640975097
-1.69479580513358 5.49778714378214 1.6493085399315 3.33052797765762
-2.77881374737723 5.75958653158129 2.9432735675043 0.0758057255230682
-1.92832835733179 5.75958653158129 2.09372129442804 6.22671730235434
-2.1158192867587 0.261799387799149 2.55626779337815 5.85288512315108
-1.42272188295085 2.35619449019234 1.99313055701794 0.0297713688278662
1.16508920524389 2.35619449019234 0.056438105777836 0.125901111321791
1.70200058956896 3.14159265358979 1.10961383966427 0.0516697415223217
2.62051923210947 2.87979326579064 1.41367695119595 0.0989597151359844
-0.64262559406522 4.71238898038469 0.29838827093733 0.101257902245093
-2.9215625140754 2.87979326579064 0.240968185488979 0.211099665796454
-2.02275752430006 3.14159265358979 1.75243250026974 0.370573659437791
2.86601808507023 2.87979326579064 1.97315076374053 0.158432896300895
-1.49915093116021 2.87979326579064 2.01973608283677 0.116939076999532
-1.83296616671178 2.87979326579064 2.40422565898444 0.0527022593735312
1.47629676044589 3.40339204138894 0.641726699484353 0.134725910948343
1.23466866287544 4.18879020478639 0.565057501368765 0.613610960447671
2.46626771083113 2.87979326579064 1.88850097314023 0.261205954059059
-0.65497947272081 2.35619449019234 0.455899712924149 0.179828477981579
2.83420491478088 2.87979326579064 2.11762868329495 0.0323773295401789
-2.63309855511068 2.35619449019234 1.36682907584104 0.0622634361390045
-0.469746595868854 2.35619449019234 0.61292885311952 3.58090415341508
0.924808919293325 3.40339204138894 0.226722206266402 0.0418379677874555
2.45857998061656 5.75958653158129 0.132919384916098 0.157120174422223
2.31290868278697 0.523598775598299 0.443056672834673 0.0644238431021369
2.26210908325013 0.523598775598299 0.502723789527518 0.0734990153369501
1.45789613702018 0.523598775598299 0.771903425088214 0.245165626696039
1.94572453221824 3.92699081698724 0.909971780742461 0.898696186155188
1.27947248995457 3.14159265358979 0.635381790136498 0.39791228023213
-0.193150172537815 2.61799387799149 0.804231260670886 0.111122788914063
1.18907658539949 0.261799387799149 0.551356665305103 0.33423430668949
2.77856868605835 0 0.587313998308772 0.141574217417548
0.541339152935835 0 0.0599476371288643 0.35419669272211
-0.868938587997578 0.261799387799149 0.875121700871189 0.310007822498121
-1.79307905467516 4.71238898038469 0.214197491193747 0.145811144883209
0.669483243851993 4.71238898038469 0.0256592883740457 0.0664537987346269
-2.16574719081073 0.261799387799149 0.0779122994098214 0.139664036811598
-2.47263068650372 3.66519142918809 0.404007852881887 0.0235288245535752
1.08273382467031 3.92699081698724 0.437038504311626 0.751110779698466
1.67311138883688 0.785398163397448 1.04120685373413 0.509549462119754
2.41355721944767 0.261799387799149 0 0.493511023469946
0.838775299468551 5.23598775598299 0.247126747657352 0.0999548830223026
1.11974876111603 0.261799387799149 0.529171634029506 0.0844113372003693
-0.220920937851717 0.261799387799149 0.781676099880403 0.006690785298692
-0.541446036992284 0.261799387799149 0.881528225217894 0.0426481604868131
-0.450647679055224 0.261799387799149 0.10290138490259 1.33288146129997
2.52975375862054 0.261799387799149 0.193254716025263 0.215886605986041
-1.02169170966736 0.261799387799149 1.24881842559808 0.155824575870394
1.81296478741249 0.261799387799149 0.830392377030001 0.158738187657567
-2.68088398169927 0.261799387799149 0.103971398416129 0.252536173681702
-1.57627793233791 0.261799387799149 0.649443983539908 0.134679834155129
1.22884073273652 0.261799387799149 0.592107819687995 0.0896734489350671
1.67650971225371 0.261799387799149 0.692202211271505 0.113529274934482
-1.38635347848328 0.261799387799149 0.826348657863828 0.220449137615596
-0.2191554276271 0.261799387799149 0.833228060068212 0.0592348379941952
0.625651410453086 0.261799387799149 0.00947844372232727 0.458218750161403
2.76052151607997 3.92699081698724 0.324680114422258 0.212313914075651
2.23512904089258 0.261799387799149 1.01661736487344 0.0393904720533341
-0.169378150179757 0.261799387799149 0.77473773073263 0.0758961449221878
2.74676618165231 0.261799387799149 0.526301399680408 0.128110178029896
-2.29706862758496 0.261799387799149 0.0596005673803086 0.241015546627618
2.71869809531944 0.261799387799149 0.180400851656781 0.154224494475237
0.67325040299157 0.261799387799149 0.0481504576326516 0.055699136410419
-1.48329379388445 0.261799387799149 0.507961634043158 0.0701229810513529
-3.05899920115164 4.18879020478639 0.290962876674066 0.24262146571003
1.14261386430663 0.261799387799149 0.520519813811701 0.0169664662659961
-1.26275782136981 0.261799387799149 0.810968417578434 0.0412559690258187
-2.309044727688 0.261799387799149 0.217925534637084 0.104140830880759
-2.77485737573065 0.261799387799149 0.00536875593336345 0.0838826585610458
-0.997185132293578 0.261799387799149 1.04535317532092 0.210938667103349
2.17572399441117 0.261799387799149 1.09174330483506 0.262589075882229
-0.734070832882351 0.261799387799149 1.0710160344006 0.288833598891151
2.00937210782194 4.18879020478639 0.757481537174889 0.440452462939393
2.14786526231276 0.261799387799149 1.42250161545068 0.0905730787300029
2.76296672640358 0.261799387799149 0.829476377237504 0.398112403027923
1.96285384116062 0.261799387799149 1.36695804063315 0.280073098726926
2.16366256075 0.261799387799149 1.57828146102975 0.0360956281889861
-2.50212494221392 0.261799387799149 0.029738636996018 0.146943410910455
-0.511552601380046 5.23598775598299 0.0229332568636522 0.036731915592861
0.513031531024424 0.261799387799149 0.0428958971898263 0.627531327050883
-0.501250256899814 0.261799387799149 0.71993622407042 0.439596104232475
-0.893064357686571 0.261799387799149 0.917314820773485 0.364110966097507
-1.40785640041303 0.261799387799149 0.74908466069455 0.345976246224697
-0.108727623348492 0.261799387799149 0.717405899760983 0.125643437120417
0.0537624752824045 0.261799387799149 0.558926893532409 0.339153066997483
0.429212317101737 0.261799387799149 0.192333597276523 0.428876945113297
2.55968042215692 0.261799387799149 0.626315743649616 0.236996136957833
2.36764153130839 0.261799387799149 0.953279888934429 0.334960421129576
2.84403431627804 0.261799387799149 0.720700385955547 1.11424567794235
2.60320583366867 0.261799387799149 1.13012496059512 0.98209233083058
2.91021090282833 0.523598775598299 1.0436079214484 0.0410159733845172
-3.03159270169623 0.523598775598299 0.0304563925174086 0.244687175039155
2.43664325058093 4.45058959258554 1.02361588019581 0.300259239349237
1.24136547246906 0.261799387799149 0.713491714629579 0.150711627319203
-1.87784884728597 5.23598775598299 0.31253708258607 0.155962494299005
-2.07194923098916 0.261799387799149 0.130842467134542 0.136163237133753
1.32182653717013 4.45058959258554 0.790652850844658 0.245296156054101
1.85590888886274 4.45058959258554 1.33233643271902 0.134472594446954
2.00746297088711 5.23598775598299 1.48959476001874 0.831584969227233
-2.78632186976899 0 0.785591614799706 0.108215574177305
-2.13478508709886 3.92699081698724 0.15122945508216 0.0513602586256525
-1.43308988439856 0 0.165241629099485 0.094891032131565
0.223185088662284 0 0.228554004866326 0.0948261714453392
2.00535819730196 0 1.51828650981166 0.738957631621714
0.495676993392066 0.261799387799149 0.0408067443175999 0.209068959936373
-1.65511905032249 0.261799387799149 0.267522354749817 0.577776824917688
-1.26431661998512 3.14159265358979 0.00369025231647478 0.419527098471003
-0.514725193042883 0.261799387799149 0.151091938391442 0.0826793747528146
-1.78582030101288 0.261799387799149 0.2548052208153 0.0777321643175021
-3.10435119140806 0.261799387799149 1.05894210452803 0.0330824496085222
-0.684145914855007 0.261799387799149 0.0471292524100219 0.780431077498702
-0.137197450496419 5.23598775598299 0.611652783471076 0.139105080403153
-1.90453219497113 4.45058959258554 0.355941648046744 0.0903859018355539
-0.104293466490648 4.45058959258554 0.609844840919275 0.12298016479621
2.7214980370187 0.523598775598299 0.345457041676318 0.0780557788322525
-0.623213014712168 3.40339204138894 0.149549869324963 0.27389566800679
0.698588597411854 4.18879020478639 0.150173873520925 0.0322708405645204
1.55064446786781 0.523598775598299 0.870591196751913 0.0835002805013263
-2.92029855518729 0.523598775598299 0.590742212561423 0.0865234791569966
-2.44793963614602 0.523598775598299 0.130215472360512 0.0556509836264985
-2.70243263110584 0.523598775598299 0.386506980875859 0.0566104867580344
-2.2326251618604 0.523598775598299 0.0779191077820728 0.0980161904200451
-2.86993770992784 5.23598775598299 0.557420824155828 0.134337494162522
1.81964757154317 4.45058959258554 0.0926459587441941 0.558435865217026
0.080028112110333 3.14159265358979 0.408094793852757 0.176151221365542
-1.12262844877412 0.261799387799149 0.275339024810332 0.130735305128057
2.60246240876258 0.261799387799149 0.08034832037713 0.0236799676464968
-1.92423028399567 0.261799387799149 0.311065222498215 0.0596180990315698
-2.20687116762247 0.261799387799149 0.0328845514361705 0.364803164501463
0.508079364632794 0.261799387799149 0.00251352395075618 0.409761776924138
-2.7301374164408 0.261799387799149 0.449185854842984 0.194670094826802
0.379298903905309 5.23598775598299 0.125365246097587 0.26669381527469
2.98067711051624 0.261799387799149 0.319766890064571 0.0156312308709419
-1.04838849475615 0.261799387799149 0.198842594041493 0.169211001555287
1.79440499422302 0.523598775598299 0.699824414457169 0.216124831961718
1.29818542821475 0.261799387799149 0.762409044675493 0.493859094994867
0.140434587086771 0.261799387799149 0.346570006468749 0.0997418175852375
-1.76694523902675 0.523598775598299 0.196759788190167 0.0704877512392808
-1.40752024975493 0.523598775598299 0.158794489893884 0.0757871314238279
1.21642926798824 0.261799387799149 0.688760420629752 1.59203911657235
1.47043383564861 0.261799387799149 0 0.220847445135959
1.01811982726579 0.261799387799149 0.547627154933575 4.44122346290454
1.30269450250382 6.02138591938044 0 0.537921229204588
0.582573725706632 6.02138591938044 0.273147564961658 1.22326017199563
0.175260318939715 6.02138591938044 1.49011611938477e-08 0.387569860221802
0.977167437716524 5.75958653158129 0.685874926474283 0.230909641871452
2.29826060526367 5.75958653158129 0 7.99116691095528
1.81456403008115 6.02138591938044 0.0330456240375618 0.300017669997942
1.84350680959212 5.49778714378214 1.94567597641721 0.182349542372282
-2.05037669163147 5.49778714378214 0.353556688377623 0.593104083247012
-0.10066365565988 5.75958653158129 0.017256618716129 5.56398702974449
0.188619723824112 6.02138591938044 0 0.556424854623324
-1.0360319089667 0 0.807462953146732 0.0480233721441176
-1.13253160708124 0 0.713318221989999 0.185266074475347
-0.775403534606756 0 0.600147857335154 0.597973920357569
0.174273537531819 0 0.2190724336304 0.826444137051156
0.24346887175296 0 0.302224544147324 0.957043842265058
-2.40587027106911 5.75958653158129 0 0.243867131140183
1.77312228155679 0 0.274808457366049 0.310401678222244
1.7018255893263 5.75958653158129 1.79421808821855 0.125099720881831
-2.6573427313021 5.75958653158129 0.528234893855734 0.170543803775613
-0.185338152009151 5.75958653158129 0.0279400609923968 0.239614377737396
-0.0777712618948951 4.97418836818384 0.0151785386466061 5.4502838849699
-0.0252060459424709 0 0.0776162900636612 5.78596898142588
-0.903056770866285 3.40339204138894 0.330269983654357 0.445285171433558
-0.967697175221065 3.40339204138894 0.64265579052717 0.133778817288881
0.173426300817433 3.40339204138894 0.320393322147234 0.163547368173117
-2.67842323207246 3.40339204138894 0.0713792933712577 0.0358031034189376
-1.16033064596232 3.40339204138894 0.744028057684553 0.839995097491972
-1.69374378177744 3.14159265358979 0.783542423417046 0.226240790025449
1.80677926878481 3.14159265358979 0.23706230427182 0.110106852155214
1.18838135074276 3.14159265358979 0.344671121981816 0.142363642343403
-2.27818805087512 3.14159265358979 0.188021322162772 0.114729880202675
-1.03565785258911 3.14159265358979 1.45322834517129 0.344477095820561
-1.54791995706545 2.87979326579064 0.976467840250349 0.602154656617173
-0.724932392329662 3.66519142918809 1.82096962381916 0.083287178658012
-2.87680704122007 3.40339204138894 0.187955764191385 0.456732615598203
-2.50773025026566 3.92699081698724 0.0351999447580698 0.136105176838904
1.12204709055118 3.66519142918809 0.255952004162991 0.126947077779703
3.13746572727298 2.87979326579064 0.46333225786073 0.165783843869977
1.01191105212298 2.87979326579064 0.29079884977266 0.0278591274754592
1.52495411761242 2.87979326579064 0.217575717879676 0.0840928096576327
2.29502780879061 3.40339204138894 0.0276906270720762 0.392805837868128
2.94596881463383 3.66519142918809 0.680113544321899 0.249592805788835
1.42764414036891 2.87979326579064 0.514724391816279 0.0211807421017506
-2.69707696899687 2.87979326579064 0.0481736120251827 0.28261464479707
-1.67921006884778 2.87979326579064 0.825105573818337 0.0546150523488232
2.27573205213658 2.61799387799149 1.35704745432906 1.01090516778449
2.35877127718331 3.14159265358979 1.32168189613401 0.214265090377288
2.29382550558206 3.14159265358979 1.39666986477947 0.0302106318128706
-2.46374286235583 3.14159265358979 0.0141900352598256 0.0317884226481068
1.47762782554173 3.14159265358979 0.152774055384034 0.20773619260792
1.89596088291841 3.14159265358979 1.5872421803095 0.380401157487509
-0.578745968826845 3.40339204138894 0.211561911793665 0.27701311413057
-1.87140732670136 3.14159265358979 0.246558760504389 0.107004005871074
0.436296395580939 3.14159265358979 0.363551520299328 0.0450764161506937
-1.359150242731 3.14159265358979 0.565139119227877 0.0548179574940434
-1.36060799046331 3.14159265358979 0.584708115592018 0.297875168095832
-2.43760840371212 3.14159265358979 0.0184482186493856 0.411980599377828
1.94945228222897 2.87979326579064 0.628096025678421 0.688506810917286
3.04103151654985 3.40339204138894 0.674753753967164 0.0165047915430595
3.08711095858935 3.40339204138894 0.629176788169671 0.0346222648429717
2.18531979493137 3.40339204138894 1.5319622345571 0.320542360106559
2.75728401866076 3.40339204138894 0.975637025785683 0.904368996599663
0.939684039551669 4.18879020478639 1.49011611938477e-08 1.11785903191205
-0.992197530694419 2.87979326579064 0.0730838912104926 0.0466746662920804
0.357758316078854 2.87979326579064 0.813275715791369 0.0383891388645568
-0.400176427432257 2.87979326579064 0.0643573119638192 0.0222469242224307
-0.725295825129583 2.87979326579064 0.207064269875625 0.116628673671999
2.04285964054589 2.87979326579064 1.09046528479843 0.124631818622104
2.51300002935802 2.87979326579064 1.27040947643516 0.0729510378454519
1.27854517851984 3.40339204138894 1.76132219591078 0.106149518688457
2.714426435295 3.92699081698724 1.07524430952978 0.0674571155172509
1.52008439563071 3.40339204138894 2.03406651945375 0.0922148714231852
-2.71741447408212 3.14159265358979 0.230018638055376 0.0580796935313864
-1.15407738391543 3.14159265358979 0.0491151765954474 0.077112280746374
1.49730049661499 3.40339204138894 2.00806650001652 0.108380163965357
-0.446192647681805 3.14159265358979 0.0944972745833508 0.0413766740513028
1.24875967340798 3.14159265358979 1.79065444408659 0.140354275934339
0.293276622697933 3.14159265358979 0.877022857463417 0.110605711849203
-3.11700268096841 3.40339204138894 0.630626732807473 0.0924688513191
-2.85693885659257 3.40339204138894 0.373110951310642 0.148604962618251
1.14251571068048 3.14159265358979 1.70219622776448 0.254045577578298
-1.92639651086946 3.66519142918809 0.279729063740151 0.28711500249167
0.213762208367322 3.14159265358979 0.764699181031997 0.207128679132697
-0.336527935892061 3.14159265358979 0.259166812200059 0.100499751966789
-1.66819310482192 3.14159265358979 0.307474485825406 0.105064046645007
1.19640285394192 3.40339204138894 1.77034143852852 0.248956841449518
2.47094424600427 3.40339204138894 1.3237258831432 0.13388123033017
1.63298358048708 3.66519142918809 2.16769860105532 0.208058241003392
0.605995561575109 3.40339204138894 1.30538321426436 0.160773148757605
-3.09593920811141 3.40339204138894 0.620914107183338 0.130840361002066
-1.01748345418028 3.40339204138894 0.0776813449718719 0.135570947181957
2.00646438148396 3.40339204138894 1.79900227834728 0.0622777652036204
1.44531412303188 3.40339204138894 2.15961931846187 0.0404239765254203
-0.643901254187057 3.40339204138894 0.0803032761159443 0.0847080118506247
0.251923460948752 3.40339204138894 0.978179971271712 0.130517797334132
0.0465955572199235 3.40339204138894 0.806268835660894 0.0779376127134154
-2.24404739869631 3.40339204138894 0.0615342187602279 0.2083831035486
2.8027390990221 3.66519142918809 0.996382761473325 0.126203649607705
-2.40995802884644 3.40339204138894 0.0353134267841189 0.0608082688464132
0.00324950717905386 3.14159265358979 0.682955936998736 0.158896065540063
3.07894031770219 3.66519142918809 0.720399288502149 0.03698720647024
2.21298821185227 3.66519142918809 1.58747251189466 0.0665916494753543
2.60304851525041 3.40339204138894 1.20047134539684 0.0326009685267418
-0.821566557368317 3.40339204138894 0.114407005880141 0.0868141911620064
0.0219690930642679 3.66519142918809 0.726048671221808 0.213297136685205
0.37685672032273 3.14159265358979 1.12720864366594 0.0275684290237467
2.50288135139492 3.14159265358979 1.17110285836056 0.0405497287338841
2.68233121844599 3.66519142918809 1.06718362474682 0.190478017468397
1.89084180621195 3.40339204138894 1.91356570523757 0.0713577123201465
2.71446440391055 3.40339204138894 1.09301346153198 0.203909647766349
-2.51018643007387 3.40339204138894 0.0427868375429513 0.284081025386364
1.28655036474358 3.40339204138894 1.94119969233381 0.145923055246777
-2.79718761583905 3.92699081698724 0.334227236288414 0.0588163808575471
-0.412235526123686 3.92699081698724 0.265914017117119 0.0874304733019415
-2.81571307893221 3.66519142918809 0.350057583503621 0.0196680093500301
-1.96775247603584 3.40339204138894 0.371317699439469 0.139504803362452
-3.00932726498604 3.40339204138894 0.540883486358702 0.0349254199417595
0.268433465653854 3.40339204138894 0.904069325912813 0.23727607525113
0.00356605838360165 3.40339204138894 0.693165843703148 0.178358513241766
-2.96046726847285 3.40339204138894 0.483486320356165 0.407513620301384
-1.28709507190007 3.40339204138894 0.0281972700940852 0.0936682330599005
-2.83644497430215 3.40339204138894 0.364251062115026 0.0079447340400055
-0.76979939540095 3.40339204138894 0.153319997255958 0.0596363425494459
-2.09950186952715 3.66519142918809 0.247226907378972 0.0276085855662721
-0.891205716715236 3.66519142918809 0.111835812446645 0.0761733829259222
2.15912686986142 3.40339204138894 1.64520033480662 0.0425024184248447
2.78144819860417 3.92699081698724 1.02486069786258 0.0413086310528549
-0.736838549717988 3.92699081698724 0.135526328181629 0.217316223320925
3.0337548679001 3.40339204138894 0.764195386484502 0.0616846255096035
-2.83358382558829 3.40339204138894 0.350347079658425 0.0480817333262178
-2.68878513915591 3.14159265358979 0.20632264627786 0.0513117165376483
-0.879573877557971 3.14159265358979 0.0952485064309368 0.111458550462802
2.57632363881133 3.14159265358979 1.21965545737271 0.174018477402225
-0.495651186422056 3.14159265358979 0.0537249934854742 0.278722244611776
0.726242010125055 3.40339204138894 0.806284904534318 0.097205750073811
-0.534148327766958 3.14159265358979 0.0497898838538017 0.134566976697051
2.85849609216565 3.40339204138894 0.705625258406145 0.290868228601577
-2.26879753730945 3.14159265358979 0.0875557209779013 0.0585016188598411
-0.217242758127052 3.14159265358979 0.324695024243374 0.312833627952786
-2.00354653432733 3.40339204138894 0.364420874770914 0.12635497323981
2.3234887351244 3.40339204138894 0.482799489496545 0.0766431093120655
2.29953346429235 3.92699081698724 0.56122361321145 0.0155355746504191
2.02934661513224 3.92699081698724 0.315579842638759 0.0443371393495978
-2.67250434776286 3.40339204138894 0.17826374904772 0.094264809761334
1.74078839749193 3.40339204138894 0.342393315639649 0.108914459017353
-1.93521366224103 3.14159265358979 0.423750184585666 0.0754444106149051
3.0130261912042 3.40339204138894 0.779378928679004 0.00739671990813038
1.82661124440885 3.40339204138894 0.621875830258242 0.0567318277879492
-1.63406255502489 3.14159265358979 0.398187340304707 0.0217908599129892
2.36930424474606 3.14159265358979 1.26049118151515 0.0830897001392769
-2.19074413095754 3.14159265358979 0.164189657522442 0.0112034719937303
2.7506842716472 3.14159265358979 1.04737896119511 0.312755793209838
0.851280542182743 3.66519142918809 0.712076484057557 0.205450222284406
0.841882334849666 3.14159265358979 1.10862411291578 0.093352785146206
2.78828444112865 3.40339204138894 1.02514136305101 0.384537684676754
-0.0929152831983112 3.66519142918809 0.343408539464099 0.281302330604726
0.711191541634449 3.40339204138894 1.32703451307276 0.108409449837362
-0.721712670844654 3.40339204138894 0.0773198596477057 0.0525399491056035
2.01996613616111 3.40339204138894 1.79748907107721 0.0303708611585884
1.81449484209851 3.40339204138894 2.00433870907928 0.169067826991493
0.00487480141120649 3.66519142918809 0.680001554425195 0.0226024078158196
0.864588361055116 3.66519142918809 1.54347950667225 0.023768921330359
-0.996022509216377 3.66519142918809 0.0437341337451142 0.0685362574590719
-2.4454531839838 3.66519142918809 0.0153946851179432 0.0278392752471756
0.0227151522286312 3.40339204138894 0.694898653022189 0.141877388286877
1.594030382033 3.92699081698724 2.22428148790808 0.0881622621125634
-1.7712518967193 3.66519142918809 0.30540062526812 0.173501155256933
1.47311059797845 3.40339204138894 2.14640542207583 0.183961450451397
-1.40458768365065 3.66519142918809 0.0305851689101128 0.0531185642928982
-1.22214977392869 3.40339204138894 0.10569557693465 0.133816802629285
0.167936887837063 3.40339204138894 0.855119216744071 0.0369725828231859
-0.745835773072815 3.40339204138894 0.0506962960964706 0.123828806842236
-2.40595653123924 3.40339204138894 0.0355133391127228 0.0728721499110375
1.20089384985302 3.40339204138894 1.87292095088889 0.167893852795343
1.00842575419369 3.40339204138894 1.72696295259704 0.0879486017589607
-2.58853024645725 3.40339204138894 0.118413518888702 0.0444867806931412
-0.539716817782807 3.40339204138894 0.191589759690422 0.158592732069378
0.318528869317362 3.40339204138894 1.05893418697004 0.0907204308136681
-2.50045482062903 3.40339204138894 0.0223836574211745 0.215888520508167
-1.98608485919799 3.40339204138894 0.348360228685709 0.0940135659973246
0.692419390730989 2.87979326579064 1.36534362475253 0.00669637329162591
-0.328550246273494 2.87979326579064 0.34636571754677 0.244441961623403
0.615508868237534 3.14159265358979 1.31752409558904 0.148987056960018
-0.391307676568225 3.14159265358979 0.35834821239366 0.16370125168021
-1.64609428959143 3.40339204138894 0.0421913188160967 0.101649759392601
1.05161631506861 3.14159265358979 1.79345389621189 0.151532204146844
2.46402491818339 3.40339204138894 0.772531261275078 0.254365710604987
-1.09940361405799 3.40339204138894 0.0797053427519812 0.596749319435559
-1.78713784302791 3.92699081698724 0.102265697814577 0.352007249332998
1.92724418824678 3.66519142918809 0.444372603682402 0.262634354369609
-2.86261622656845 3.92699081698724 0.35125617980267 0.125187670988073
2.28436389519452 3.92699081698724 0.0942090077097652 0.082331187350688
-2.65144135140985 3.92699081698724 0.145870824237843 0.146669383584476
0.0838591495809397 3.40339204138894 0.649293196047966 0.0333133722035244
-1.81357564667628 3.40339204138894 0.371991378845021 0.00794427048222067
2.08389853680119 3.40339204138894 0.0758619776947268 0.0908000217265432
-0.835621370385739 3.92699081698724 0.21628969420219 0.0944608393542904
-1.19427957017427 3.40339204138894 0.136141493813216 0.201227355086788
1.90908975556714 3.92699081698724 0.219465114515273 0.0177041407694143
0.209320870332122 3.92699081698724 0.745653451662825 0.121918371622768
-3.0183459756498 3.66519142918809 0.50196972001763 0.173687158070604
2.19480354180458 3.92699081698724 0.128603634673063 0.00480774318223439
-1.63433902402486 3.92699081698724 0.18765011130219 0.217656948430858
2.93338039957154 3.92699081698724 0.829685971016976 0.0671373621998109
-2.23193406664777 3.92699081698724 0.153279225943052 0.0840750246182988
0.87384366324422 3.92699081698724 0.894697565236258 0.0847161859374558
-0.381855464799396 3.92699081698724 0.0657182615524998 0.185926751836141
-1.52894349040349 3.66519142918809 0.0350258629558234 0.210171376344951
2.58346209542607 3.66519142918809 0.639935374102606 0.263774630846136
2.26621323670734 3.66519142918809 0.503248933148815 0.255646144830243
-1.0286125551737 3.92699081698724 0.0943853656544425 0.245290326319562
-2.36007769087246 3.92699081698724 0.0277685602922721 0.102493886007954
-1.50646553205737 3.66519142918809 0.293597143395904 0.428792347181402
1.00749655821789 3.66519142918809 0.623707116828911 0.06799839136284
-2.14299935295622 3.66519142918809 0.258973012413542 0.0273082463835816
-1.09490354529782 3.66519142918809 0.00719720092743384 0.20846914013392
1.16335786781995 3.40339204138894 0.539712035128699 0.128613101121607
2.71515854265199 3.40339204138894 0.963202363377001 0.199394339723726
-0.820329301981169 3.66519142918809 0.0168620648015735 0.171693968486215
-0.84247446883178 3.40339204138894 0.0402030943467399 0.282391367510961
-1.82332564058717 3.40339204138894 0.478645236378567 0.255960403773613
0.661671086728121 3.14159265358979 0.648360507363298 0.0509639807120977
1.71828108585546 3.14159265358979 0.041211815401443 0.189815040665921
-0.696170171340718 3.40339204138894 0.074320852544918 0.163610750878376
-0.336358574565243 3.40339204138894 0.297927810151002 0.0779679568563018
-0.974953458246801 3.14159265358979 0.18107151607087 0.0654595446367276
3.12364198667365 3.14159265358979 0.586942980519031 0.203144132570208
-0.0342888674419738 3.14159265358979 0.0311231421241987 0.0718911497376169
-0.136576419921277 3.14159265358979 0.134431855523941 0.237451153056555
-1.92051977348578 3.14159265358979 0.5480363930579 0.282366722145621
-1.61555173752989 3.14159265358979 0.860220590583262 0.0493732183071332
-1.73718775460168 3.14159265358979 0.740423142997766 0.0594159255930578
-0.631565845386236 3.14159265358979 0.0254304491263364 0.00153261608389326
-1.62537332478938 3.14159265358979 0.854283535148745 0.120315723120126
-0.367729419598021 3.14159265358979 0.171755815596124 0.389743392386855
1.59682510165793 2.87979326579064 0.32591625712087 0.221393987436793
2.3351502576597 2.87979326579064 0.234798360921637 0.219669998259758
2.36529049537428 3.14159265358979 0.39510369686267 0.243387453120357
-2.88254163756898 3.14159265358979 0.304717965965705 0.0613124192804427
-2.78366665944796 3.14159265358979 0.206728164499138 0.101027457458278
-0.657287349925813 3.14159265358979 0.0157944517088399 0.56657641924613
-1.6336011355949 3.14159265358979 0.859780721336441 0.162559356337536
-2.81880730804013 2.87979326579064 0.210921822872904 0.0450311292509476
-1.92142283180186 2.87979326579064 0.577303692836273 0.0719077395466551
3.01910173648866 2.87979326579064 0.654451066261558 0.0480587897994702
2.90876847012783 2.87979326579064 0.766200813072274 0.0796664894134291
3.09139874897971 2.87979326579064 0.586252704110228 0.00521815871497523
-3.02608538393199 2.87979326579064 0.420691730378474 0.0969169318494797
1.2120215179295 2.87979326579064 0.378452673255116 0.0603307658237631
2.78778909510948 2.87979326579064 0.893765057311923 0.104289063748986
-1.46285811210302 2.87979326579064 1.01192001237232 0.0406971212205067
-1.38211208947081 2.87979326579064 0.954085171828313 0.0907545780911175
2.2143003952042 2.87979326579064 0.448552320205845 0.0645773959953023
2.39556073283065 2.87979326579064 0.640691989961556 0.261904018847947
1.9754934287904 3.14159265358979 0.286746157620671 0.0692029198907452
0.716993698345122 3.14159265358979 0.23911310839751 0.0649880633066026
2.69657014174454 3.14159265358979 0.992778239198557 0.0497182371354537
0.534725784369859 3.14159265358979 0.246324494252081 0.0652914875943026
2.88318344976347 3.14159265358979 0.817706649387918 0.150446586423059
0.913346713557974 3.14159265358979 0.73457250789715 0.244253953856926
2.79550482662403 3.14159265358979 0.914825304308178 0.0312384098244503
2.22176666827608 3.14159265358979 0.505162838365867 0.067204168740807
2.54232132661952 3.14159265358979 0.842729170800954 0.0669317755053961
-0.869222105817288 3.14159265358979 0.149643974616823 0.028106603783705
0.24481652129531 3.40339204138894 0.214051246478493 0.0448620095336675
-2.90852232943923 3.14159265358979 0.341065333426951 0.0644679526125803
1.56320586333757 3.40339204138894 0.107709438535002 0.179876845372973
-1.27485830880176 3.40339204138894 0.322166653933854 0.219888702538957
1.85456964421094 3.14159265358979 0.151481095689858 0.0672761181618311
0.0665784213430275 3.14159265358979 0.0481211815540708 0.0770122725168151
2.42820409145062 3.14159265358979 0.689459819808842 0.0767700028908891
-1.68181303752482 3.14159265358979 0.720014649637866 0.299743864502637
1.60368008403135 2.87979326579064 0.0725817257728885 0.485732275714657
0.76681548743744 3.40339204138894 0.849341383123859 0.11846151370175
0.767615036082251 3.40339204138894 0.888187767117811 0.0968694260386114
1.95348424835833 3.40339204138894 0.140167101171047 0.145044434303052
-2.41972195384056 3.40339204138894 0.0189607165130397 0.0419130621819105
2.77096064710197 3.40339204138894 0.965004263657817 0.0268521467118889
1.8264049595008 3.40339204138894 0.0713505929655417 0.157861263662372
-3.11109436280422 3.66519142918809 0.572039662723646 0.13848794943166
2.03066303037996 3.66519142918809 0.399935915202371 0.0213313904893615
1.40348690396304 3.66519142918809 0.220169962377911 0.375447517567117
-3.12782329240711 3.92699081698724 0.606109232969421 0.0453339493902905
-0.261058639527305 3.92699081698724 0.115744981872526 0.278325063922175
0.442205102323764 3.66519142918809 0.832140386628374 0.135474486063489
2.83718976295139 3.66519142918809 0.743998244447754 0.376323898840845
2.09468540003291 3.92699081698724 0.366833989174233 0.0423244342066945
3.10160390598392 3.92699081698724 0.66600325602054 0.0133784623143717
1.47849573363987 3.92699081698724 0.207219719276384 0.0515138112992949
0.313721857505713 3.92699081698724 0.753219699459014 0.31184919298446
-0.60887429314926 2.87979326579064 0.0865267219702779 0.0465574915358548
2.2558084622206 2.87979326579064 0.033672506774408 0.20350962636945
0.904246145027206 3.92699081698724 1.30328942132986 0.0343763389160324
2.56908054132418 3.92699081698724 0.291308857219093 0.0178907083155457
0.941464991841697 3.92699081698724 1.32442825079506 0.0393009897829455
2.33335392522418 3.92699081698724 0.01882208981596 0.0875154752169061
3.07139462208339 3.40339204138894 0.707155368224291 0.367579065422833
-0.140736196673445 3.40339204138894 0.383646541112623 0.343219572464896
-0.775391752294577 3.40339204138894 0.205587503466897 0.00687086946688718
2.42850773957943 3.40339204138894 0.164510801609264 0.107808773885732
0.972994624818405 3.92699081698724 1.21823667802588 0.0356378304919283
2.53482325948318 3.92699081698724 0.199905614977955 0.0911327484501367
0.176893460528792 3.14159265358979 0.764243606177984 0.732921241835748
-0.713897986751774 3.14159265358979 0.0743291075448212 0.607624249350724
-0.84032012032241 3.66519142918809 0.0287891362123198 0.0257077354761541
-2.56427299360117 3.66519142918809 0.0259694670018798 0.0455012487338934
-0.861529194604416 3.66519142918809 0.0736991685462001 0.0186625060807395
-2.16924229252973 3.66519142918809 0.0447111700143445 0.611271237049732
-1.4513360590363 3.66519142918809 0.290930624694204 0.77754641376936
-3.09628591192132 3.14159265358979 0.139812929897618 0.677162494802204
1.01813824403944 3.14159265358979 0.718718906650042 0.111546596665001
-2.99494009294898 3.40339204138894 0.4315361280796 0.00826031683617678
-0.490564592915497 3.40339204138894 0.28605963190947 0.0132542898065333
-2.18651349099098 3.40339204138894 0.268516984414407 0.0707905576722127
-1.09427364491997 3.40339204138894 0.0775239164123361 0.135983329597871
1.36084453226023 3.14159265358979 0.412127212186499 0.171853857395034
2.23377003092843 3.40339204138894 0.420514333721216 0.0894051552151957
-1.37910802479937 3.40339204138894 0.180842729581557 0.0957847316212754
2.50008730444995 3.40339204138894 0.710826552556803 0.0344226956208499
1.55115493661533 3.40339204138894 0.224877472531669 0.0451332797550422
0.815636491323144 3.40339204138894 0.886799921090321 0.140201557795524
-1.92957518409327 3.40339204138894 0.0704730081407674 0.207882500362467
1.84844818542446 3.40339204138894 0.119992342273625 2.02525121621346
-2.41013515846263 3.40339204138894 0.0393994077133261 0.0605850567666589
-0.895638073287081 3.14159265358979 0.118966635333516 0.085271137021887
-0.418166490396542 3.40339204138894 0.189954627826751 0.0495400414133105
-2.68271725109929 3.66519142918809 0.2000664002366 0.0776899581809125
-2.209513419324 3.92699081698724 0.166143422652538 0.0112461207209008
-1.1132122636013 3.92699081698724 0.111911193531545 0.0432858104239993
-1.5488098835924 3.14159265358979 0.268855619342874 0.0176207374486283
0.899193259298423 3.14159265358979 0.932963577911837 0.023928032774608
1.38337184578748 3.14159265358979 1.52959382908329 0.105796494970315
2.82028312387069 3.66519142918809 0.981726378881445 0.611890875375148
-2.86483789091353 3.40339204138894 0.407761461906921 0.212666352581822
0.645232290651379 3.66519142918809 0.919954318904728 0.15459517806529
-2.68819677847323 3.66519142918809 0.234834333433689 0.0411825692845933
1.25523823562887 3.66519142918809 1.63616557680391 0.162031372897933
0.911474854046006 3.66519142918809 1.47072089197594 0.0869488084573876
2.07347820724317 3.66519142918809 0.699366278276015 0.0642132700535352
-1.23514901789366 3.66519142918809 0.385097837872372 0.155296401622239
-0.393914422014161 3.66519142918809 0.186910840935622 0.197346176715407
-1.17145873542111 3.40339204138894 0.00912350197451164 0.238441770162339
1.75122983631339 3.66519142918809 2.06119185950581 0.0189126861211153
-2.42524293142756 3.40339204138894 0.0447355205479299 0.0137642528719076
0.271744448804968 3.14159265358979 0.635023727500538 0.0470549677498757
2.44902632060982 3.66519142918809 1.36329071717211 0.0902675507878564
-2.04509835625734 3.40339204138894 0.314788076047869 0.197602586075346
-2.48327077320804 3.66519142918809 0.0127211427245734 0.14797683868972
2.36211772448977 3.14159265358979 1.45060788086023 0.115243638848082
2.16824542552003 3.40339204138894 0.0116521174558475 0.0327781995129497
-0.495749026283123 2.87979326579064 0.013695285320451 0.343566663902311
1.44924295569765 3.14159265358979 1.24238126131398 0.488659797965514
-2.82079835633799 3.40339204138894 0.358476765093452 0.0219172977297299
0.0163917068060756 3.40339204138894 0.64426550877855 0.0838863290681368
1.87201303747673 3.40339204138894 1.94680251368074 0.0458843669199108
1.87086826943165 3.40339204138894 1.9499354072745 0.00932274563509555
-0.395456099568352 3.40339204138894 0.25491187219541 0.144735702050304
-0.280808019175154 3.40339204138894 0.379784139644212 0.132238281725616
-0.415949928400283 3.40339204138894 0.258863818390447 0.0667098753454778
3.05207583783799 3.40339204138894 0.755503775920871 0.0448813941157564
0.114351283290023 3.40339204138894 0.786908397499148 0.0930296272255866
0.401853023034107 3.40339204138894 1.09404738759343 0.0902035741928868
0.403650365635559 3.40339204138894 1.1200257928697 0.0723306095860012
-1.6250496239232 3.40339204138894 0.157414475389574 0.11775272589561
0.0926350059256962 3.66519142918809 0.800363348023796 0.191415856521954
-2.85432106505037 3.14159265358979 0.304306899932874 0.115257059260883
2.64381689025491 3.14159265358979 1.15414109224862 0.0802701880782613
-1.65041127851922 3.66519142918809 0.185835185278822 0.048548983024484
1.65254899951373 3.66519142918809 2.14712840073447 0.1951396270379
-1.42164652594705 3.40339204138894 0.0411014572548526 0.166676091393233
2.5838947764485 3.66519142918809 1.21661178755154 0.211344331530868
1.3353565018553 3.40339204138894 2.0376239614151 0.110291523904692
-1.4344648246702 3.40339204138894 0.0233892125123468 0.1932810582095
-1.37494278242955 3.40339204138894 0.034052757435029 0.085462632026743
0.531389768892439 3.66519142918809 1.20783409498317 0.0845508935965616
3.07342090987535 3.66519142918809 0.727663632533369 0.0735365143072332
-1.60219393876653 3.14159265358979 0.188444002537783 0.116100128430574
-1.97325122468716 3.40339204138894 0.313232052207281 0.0187790869403592
1.50854977562911 3.40339204138894 2.1619799515269 0.0360820777641664
2.10910767419879 3.66519142918809 1.6909306516078 0.022855855704243
1.32124873745241 3.66519142918809 1.98649973544906 0.00908121581675624
-0.956861823907884 3.66519142918809 0.11674421909962 0.0764131247035622
3.08258302217474 3.66519142918809 0.713273571437547 0.0822500863741143
-3.11207628574352 3.40339204138894 0.629208286836193 0.00844234936012167
-1.15223709456467 3.40339204138894 0.0968579544852622 0.0242091530003885
-0.923651020397879 3.66519142918809 0.131101063709157 0.110291270937431
2.18576554810042 3.40339204138894 0.895347773817712 0.0997120234924071
2.97344644336232 3.66519142918809 0.825516121545469 0.019598753505865
-0.174752981134469 3.66519142918809 0.46388655574607 0.0413520871042097
2.26712899551484 3.66519142918809 1.53108415243603 0.0279103760923625
-1.01650163893349 3.40339204138894 0.0425986337986081 0.0181658521595423
-2.8300525602879 3.66519142918809 0.345535437630194 0.372126762580945
1.36836430842735 3.66519142918809 1.229390357497 0.279888736951792
-1.06581003344548 3.40339204138894 0.0517820550795066 0.3339352569454
2.09241211575577 3.14159265358979 1.36145461894216 0.146511185294511
-2.65945560112179 4.18879020478639 0.180723721047528 0.0929934091668124
-0.621617952514864 3.40339204138894 0.165701884140016 0.115191051602763
0.463235105022535 3.40339204138894 0.144308425342085 0.453034121688249
0.0448492003757795 3.14159265358979 1.76582712398767 0.389249088086531
-1.93256198604722 3.40339204138894 0.250961220082997 0.0736277468826385
-0.23346825270235 3.14159265358979 0.543531324267342 0.0414328443405042
-1.09994053682105 3.92699081698724 0.116343169838874 0.275513407271031
-3.1392164669278 3.14159265358979 0.192426360483148 0.63682265405772
-1.54287113712063 3.14159265358979 0.125593018259801 0.104429175581648
2.57012333945414 3.92699081698724 0.428179783444183 0.651776355228159
-1.26795531059835 3.66519142918809 0.0866040741871535 0.0905563746164967
1.39302156892789 3.40339204138894 1.4369179476154 0.0266934709241415
0.744497597006906 3.40339204138894 1.17752390764613 0.0183117661955217
-2.78037288432684 3.66519142918809 0.306638371500211 0.0367273809695841
-1.67265102063421 3.66519142918809 0.497557468724274 0.0330880293471081
2.7372957394216 3.66519142918809 1.07155685924774 0.092637460911231
1.05781573186946 3.66519142918809 1.15477156484462 0.0228142946672087
-1.11450083954036 3.92699081698724 0.0313918331315506 0.076181788887912
0.825424679220586 4.18879020478639 0.814077273623563 0.0973874258069483
-0.540123929932775 3.66519142918809 0.0325714251746978 0.0235140186697575
-0.588686782314681 3.14159265358979 0.0157742498275315 0.238224681863646
-2.45240824368579 3.14159265358979 0.0321285570770745 0.234852127915883
-1.08035664771776 3.66519142918809 0.0681482008682976 1.289260150594
-2.3142833752022 3.40339204138894 0.12302409937884 0.0227565353721399
2.20306259230187 3.40339204138894 0.423894632760435 0.262728462544663
-0.273174961020802 3.66519142918809 0.00573066407245626 0.032337553391
0.510186850036429 3.66519142918809 0.777559029440257 0.0495030292406364
-0.253385873037085 3.66519142918809 0.0276885923220854 0.137223709301938
1.55672529028219 3.66519142918809 0.297279836747948 0.0379344845033112
2.52515941775501 3.66519142918809 0.661538555668072 0.0783729068559496
2.53270366549529 3.66519142918809 0.711098564246736 0.685945951183277
-2.91118562902627 4.18879020478639 0.407298575940894 0.0464940300494603
-2.13492140713288 4.18879020478639 0.258726254031306 0.0255390846772306
-2.61400224449798 4.18879020478639 0.110558940374835 0.093974999939722
